1	20308
10	25930
100	2
101	2
102	2
103	1
107	1
108	3
109	1
11	22536
110	1
114	2
115	1
116	1
118	1
12	19332
121	1
122	1
123	1
125	1
127	1
128	1
129	1
13	16972
136	1
14	14597
15	12726
16	10815
17	9340
18	7983
186	1
19	6887
2	32115
20	6016
21	5209
22	4547
23	4017
24	3504
25	3024
26	2634
27	2259
28	2034
29	1829
3	39662
30	1560
31	1417
32	1239
33	1129
34	944
35	905
36	740
37	730
38	591
39	567
4	42971
40	492
41	468
42	387
43	352
44	312
45	296
46	266
47	215
48	210
49	203
5	43088
50	175
51	158
52	136
53	109
54	102
55	103
56	81
57	77
58	82
59	71
6	40711
60	68
61	62
62	48
63	53
64	47
65	33
66	44
67	33
68	30
69	29
7	37432
70	31
71	28
72	23
73	16
74	21
75	17
76	15
77	12
78	14
79	16
8	33504
80	14
81	8
82	7
83	10
84	8
85	9
86	6
87	7
88	5
89	7
9	29671
90	9
91	6
92	5
93	3
94	6
95	2
96	3
97	4
98	1
99	8
