1	4402
10	25015
100	39
101	44
102	38
103	40
104	37
105	39
106	31
107	47
108	32
109	31
11	24169
110	36
111	33
112	30
113	38
114	21
115	12
116	23
117	25
118	19
119	25
12	22986
120	19
121	18
122	26
123	10
124	15
125	13
126	6
127	7
128	10
129	12
13	21577
130	12
131	12
132	8
133	3
134	8
135	5
136	8
137	6
138	5
139	10
14	20139
140	6
141	7
142	4
143	5
144	5
145	5
146	7
147	4
148	5
149	6
15	18697
150	4
151	10
152	7
153	6
154	8
155	6
156	3
157	2
158	5
159	4
16	17134
160	3
161	3
162	3
163	3
164	1
165	2
166	3
167	1
168	2
169	4
17	16042
170	1
171	1
172	2
173	1
174	3
176	2
177	2
178	1
179	2
18	14741
181	2
182	1
184	1
185	1
186	1
187	1
19	13615
191	1
194	2
196	1
198	1
199	3
2	9044
20	12705
203	1
21	11628
211	1
213	1
216	1
218	1
22	10584
226	1
228	2
229	1
23	9762
234	1
24	8936
25	8018
26	7677
27	6781
28	6274
29	5895
3	13937
30	5260
31	4933
32	4502
323	1
33	4177
34	3813
35	3488
36	3171
37	3049
38	2737
39	2554
4	18165
40	2384
41	2152
42	2031
43	1802
44	1797
45	1590
46	1433
47	1381
48	1230
49	1213
5	21691
50	1122
51	1058
52	907
53	879
54	791
55	769
56	759
57	688
58	638
59	594
6	23749
60	578
61	508
62	515
63	422
64	427
65	383
66	376
67	373
68	335
69	262
7	25479
70	303
71	299
72	240
73	214
74	233
75	218
76	208
77	177
78	191
79	175
8	26088
80	126
81	154
82	159
83	144
84	116
85	138
86	99
87	107
88	101
89	68
9	25791
90	91
91	71
92	80
93	68
94	70
95	57
96	67
97	62
98	54
99	48
